# Blender 5.0.0
# www.blender.org
mtllib avatar.mtl
o Left_Arm
v 1.935000 3.935000 0.500000
v 1.935000 2.065000 0.500000
v 1.065000 3.935000 0.500000
v 1.935000 3.967500 0.467500
v 1.967500 3.935000 0.467500
v 2.000000 3.935000 0.435000
v 1.967500 2.065000 0.467500
v 1.967500 3.967500 0.435000
v 1.935000 4.000000 0.435000
v 1.967500 3.967500 -0.435000
v 2.000000 3.935000 -0.435000
v 1.935000 4.000000 -0.435000
v 1.967500 3.935000 -0.467500
v 1.935000 3.967500 -0.467500
v 1.935000 3.935000 -0.500000
v 1.065000 3.967500 -0.467500
v 1.065000 4.000000 -0.435000
v 1.065000 3.935000 -0.500000
v 1.032500 3.967500 -0.435000
v 1.032500 3.935000 -0.467500
v 1.000000 3.935000 -0.435000
v 1.032500 2.065000 -0.467500
v 1.065000 2.065000 -0.500000
v 1.000000 2.065000 -0.435000
v 1.032500 2.032500 -0.435000
v 1.065000 2.032500 -0.467500
v 1.065000 2.000000 -0.435000
v 1.935000 2.032500 -0.467500
v 1.935000 2.000000 -0.435000
v 1.935000 2.065000 -0.500000
v 1.967500 2.032500 -0.435000
v 1.967500 2.065000 -0.467500
v 2.000000 2.065000 -0.435000
v 2.000000 2.065000 0.435000
v 1.967500 2.032500 0.435000
v 1.935000 2.000000 0.435000
v 1.935000 2.032500 0.467500
v 1.065000 2.032500 0.467500
v 1.065000 2.000000 0.435000
v 1.065000 2.065000 0.500000
v 1.032500 2.032500 0.435000
v 1.032500 3.967500 0.435000
v 1.065000 4.000000 0.435000
v 1.065000 3.967500 0.467500
vn 1.0000 -0.0000 -0.0000
vn 0.4998 0.7071 0.5003
vn -0.0000 -0.0000 1.0000
vn -0.0000 1.0000 -0.0000
vn -0.7071 0.4998 0.5003
vn -0.0001 0.0001 1.0000
vn 0.0001 1.0000 -0.0001
vn 0.5002 -0.7071 0.4998
vn 0.6667 -0.3333 0.6666
vn 0.6667 0.6666 -0.3333
vn -0.3333 0.6667 0.6666
vn 0.5003 0.4998 0.7071
vn 1.0000 -0.0000 -0.0002
vn 1.0000 -0.0000 0.0001
vn 0.4998 0.5002 -0.7071
vn -0.0000 1.0000 -0.0003
vn -0.0001 1.0000 -0.0001
vn 1.0000 0.0001 -0.0000
vn -0.0000 -0.0000 -1.0000
vn 0.6666 0.6667 0.3333
vn 0.6666 -0.3333 -0.6667
vn -0.3333 0.6667 -0.6666
vn 0.7071 0.4998 -0.5003
vn -0.7071 0.5002 -0.4998
vn -1.0000 -0.0001 -0.0001
vn -0.0001 1.0000 -0.0000
vn 0.0001 -0.0000 -1.0000
vn -1.0000 -0.0000 -0.0000
vn -0.6667 0.6666 0.3333
vn 0.3333 0.6667 -0.6666
vn -0.6667 -0.3333 -0.6666
vn -0.4998 0.7071 -0.5003
vn -0.5002 -0.7071 -0.4998
vn -0.0000 -1.0000 -0.0001
vn -1.0000 -0.0000 0.0001
vn -0.0001 0.0001 -1.0000
vn -0.0000 -1.0000 -0.0000
vn -0.6667 -0.6666 0.3333
vn -0.6667 0.3333 -0.6666
vn 0.3333 -0.6666 -0.6667
vn 0.7071 -0.5002 -0.4998
vn -0.7071 -0.4998 -0.5003
vn -0.0001 -0.0001 -1.0000
vn 0.0001 -1.0000 0.0001
vn 0.6666 -0.6667 0.3333
vn -0.3333 -0.6667 -0.6666
vn 0.6667 0.3333 -0.6666
vn 0.4998 -0.7071 -0.5003
vn 0.5002 0.7071 -0.4998
vn 0.5003 -0.4998 -0.7071
vn 1.0000 -0.0000 0.0002
vn -0.0001 -1.0000 0.0001
vn 1.0000 -0.0001 -0.0000
vn 0.0001 0.0001 1.0000
vn -0.0000 -1.0000 0.0003
vn 0.4998 -0.5002 0.7071
vn -0.3333 -0.6666 0.6667
vn 0.6666 -0.6667 -0.3333
vn 0.6666 0.3333 0.6667
vn -0.7071 -0.5002 0.4998
vn 0.7071 -0.4998 0.5003
vn 0.0001 -0.0000 1.0000
vn -0.4998 -0.5002 -0.7071
vn -0.0000 -1.0000 -0.0003
vn -1.0000 -0.0000 -0.0002
vn -0.0000 1.0000 0.0003
vn -1.0000 -0.0000 0.0002
vn -0.4998 0.5002 0.7071
vn 0.7071 0.5002 0.4998
vt 0.254594 0.140446
vt 0.254594 0.360365
vt 0.250805 0.360365
vt 0.250805 0.140446
vt 0.149374 0.140446
vt 0.149374 0.360365
vt 0.250805 0.364187
vt 0.149374 0.364187
vt 0.258490 0.360631
vt 0.262272 0.360631
vt 0.262272 0.364462
vt 0.262272 0.140200
vt 0.258490 0.140200
vt 0.254594 0.364187
vt 0.363486 0.360631
vt 0.363486 0.364462
vt 0.476332 0.369130
vt 0.480109 0.373078
vt 0.476332 0.373078
vt 0.480109 0.478759
vt 0.476332 0.478759
vt 0.367267 0.360631
vt 0.476332 0.482707
vt 0.371100 0.364366
vt 0.371100 0.360532
vt 0.374895 0.364366
vt 0.374895 0.360532
vt 0.476467 0.360532
vt 0.476467 0.364366
vt 0.375213 0.482707
vt 0.375213 0.478759
vt 0.371436 0.478759
vt 0.480261 0.360532
vt 0.480261 0.364366
vt 0.476467 0.139931
vt 0.480261 0.139931
vt 0.032693 0.360961
vt 0.032693 0.140068
vt 0.036476 0.140068
vt 0.036476 0.360961
vt 0.036476 0.364800
vt 0.476467 0.136097
vt 0.036476 0.136229
vt 0.480261 0.136097
vt 0.476470 0.128264
vt 0.480264 0.128264
vt 0.476470 0.132233
vt 0.374889 0.132233
vt 0.374889 0.128264
vt 0.374895 0.139931
vt 0.374895 0.136097
vt 0.371094 0.128264
vt 0.371100 0.139931
vt 0.371100 0.136097
vt 0.367267 0.140200
vt 0.363486 0.140200
vt 0.363486 0.136369
vt 0.262272 0.136369
vt 0.374889 0.018056
vt 0.374889 0.022025
vt 0.371094 0.022025
vt 0.250805 0.136624
vt 0.254594 0.136624
vt 0.476470 0.018056
vt 0.476470 0.022025
vt 0.149374 0.136624
vt 0.480264 0.022025
vt 0.371436 0.373078
vt 0.375213 0.373078
vt 0.375213 0.369130
s 0
usemtl Clothing
f 7/1/1 5/2/2 1/3/3 2/4/3
f 40/5/3 2/4/3 1/3/3 3/6/3
f 3/6/3 1/3/3 4/7/4 44/8/5
f 1/3/6 5/2/1 4/7/7
f 5/9/3 6/10/1 8/11/7
f 34/12/1 6/10/1 5/9/3 7/13/8
f 5/2/9 8/14/10 4/7/11
f 11/15/1 10/16/4 8/11/12 6/10/13
f 4/17/6 8/18/14 9/19/7
f 10/20/15 12/21/4 9/19/16 8/18/13
f 10/16/17 11/15/18 13/22/19
f 12/21/4 10/20/18 14/23/19
f 10/24/20 13/25/21 14/26/22
f 15/27/19 18/28/19 16/29/4 14/26/23
f 14/26/4 13/25/1 15/27/19
f 14/23/19 16/30/24 17/31/4 12/21/4
f 19/32/25 17/31/26 16/30/27
f 20/33/28 16/29/26 18/28/27
f 19/34/29 16/29/30 20/33/31
f 18/28/19 23/35/19 22/36/28 20/33/32
f 20/37/19 22/38/33 24/39/28 21/40/28
f 21/40/28 19/41/26 20/37/19
f 26/42/34 22/36/35 23/35/36
f 25/43/37 24/39/28 22/38/36
f 25/44/38 22/36/39 26/42/40
f 27/45/34 25/46/28 26/47/36
f 26/47/19 28/48/41 29/49/37 27/45/37
f 23/35/19 30/50/19 28/51/37 26/42/42
f 31/52/1 29/49/37 28/48/43
f 32/53/1 28/51/44 30/50/43
f 31/54/45 28/51/46 32/53/47
f 30/50/19 15/27/19 13/25/1 32/53/48
f 32/55/19 13/22/49 11/15/1 33/56/1
f 33/56/1 31/57/37 32/55/19
f 33/56/1 11/15/1 6/10/1 34/12/1
f 31/57/50 33/56/51 34/12/1 35/58/37
f 7/13/3 35/58/52 34/12/53
f 37/59/54 36/60/52 35/61/53
f 29/49/55 31/52/51 35/61/56 36/60/37
f 37/62/57 35/63/58 7/1/59
f 37/59/3 38/64/60 39/65/37 36/60/37
f 2/4/3 40/5/3 38/66/37 37/62/61
f 2/4/3 37/62/52 7/1/1
f 38/64/62 41/67/28 39/65/37
f 25/46/63 27/45/37 39/65/64 41/67/65
f 17/31/66 19/32/67 42/68/68 43/69/4
f 44/70/3 4/17/69 9/19/4 43/69/4
f 12/21/4 17/31/4 43/69/4 9/19/4
f 27/45/37 29/49/37 36/60/37 39/65/37
f 30/50/19 23/35/19 18/28/19 15/27/19
o Right_Arm
v -0.967500 3.935000 0.467500
v -1.000000 3.935000 0.435000
v -0.967500 3.967500 0.435000
v -1.000000 3.935000 -0.435000
v -0.967500 3.967500 -0.435000
v -1.935000 3.935000 0.500000
v -1.935000 2.065000 0.500000
v -1.065000 3.935000 0.500000
v -1.935000 3.967500 0.467500
v -1.967500 3.935000 0.467500
v -2.000000 3.935000 0.435000
v -1.967500 2.065000 0.467500
v -1.967500 3.967500 0.435000
v -1.935000 4.000000 0.435000
v -1.967500 3.967500 -0.435000
v -2.000000 3.935000 -0.435000
v -1.935000 4.000000 -0.435000
v -1.967500 3.935000 -0.467500
v -1.935000 3.967500 -0.467500
v -1.935000 3.935000 -0.500000
v -1.065000 3.967500 -0.467500
v -1.065000 4.000000 -0.435000
v -1.065000 3.935000 -0.500000
v -1.032500 3.967500 -0.435000
v -1.032500 3.935000 -0.467500
v -1.000000 3.935000 -0.435000
v -1.032500 2.065000 -0.467500
v -1.065000 2.065000 -0.500000
v -1.065000 2.032500 -0.467500
v -1.065000 2.000000 -0.435000
v -1.935000 2.032500 -0.467500
v -1.935000 2.000000 -0.435000
v -1.935000 2.065000 -0.500000
v -1.967500 2.032500 -0.435000
v -1.967500 2.065000 -0.467500
v -2.000000 2.065000 -0.435000
v -2.000000 2.065000 0.435000
v -1.967500 2.032500 0.435000
v -1.935000 2.000000 0.435000
v -1.935000 2.032500 0.467500
v -1.065000 2.032500 0.467500
v -1.065000 2.000000 0.435000
v -1.065000 2.065000 0.500000
v -1.032500 2.065000 0.467500
v -1.032500 2.032500 0.435000
v -1.000000 2.065000 0.435000
v -1.000000 3.935000 0.435000
v -1.032500 3.935000 0.467500
v -1.032500 3.967500 0.435000
v -1.065000 4.000000 0.435000
v -1.065000 3.967500 0.467500
vn -0.0000 -0.0001 1.0000
vn -0.0000 1.0000 -0.0000
vn -1.0000 0.0001 -0.0000
vn -1.0000 -0.0000 -0.0000
vn -1.0000 -0.0000 -0.0003
vn -0.5003 0.4998 0.7071
vn -0.0000 -0.0000 1.0000
vn -0.4998 0.7071 0.5003
vn 0.7071 0.4998 0.5003
vn -0.0001 -0.0001 1.0000
vn -0.5002 -0.7071 0.4998
vn -0.6667 -0.3333 0.6666
vn 0.3333 0.6667 0.6666
vn -0.6667 0.6666 -0.3333
vn -1.0000 -0.0000 -0.0002
vn -0.4998 0.5002 -0.7071
vn 0.0001 0.0001 -1.0000
vn -0.0001 1.0000 0.0001
vn -0.6666 0.6667 0.3333
vn 0.3333 0.6667 -0.6666
vn -0.6666 -0.3333 -0.6667
vn -0.0000 -0.0000 -1.0000
vn -0.7071 0.4998 -0.5003
vn -1.0000 -0.0000 -0.0001
vn 0.7071 0.5002 -0.4998
vn 1.0000 -0.0000 -0.0000
vn 1.0000 -0.0000 0.0001
vn 0.6667 0.6666 0.3333
vn 0.6667 -0.3333 -0.6666
vn -0.3333 0.6667 -0.6666
vn 0.4998 0.7071 -0.5003
vn 0.0001 -0.0001 -1.0000
vn -0.0000 -1.0000 -0.0000
vn -0.7071 -0.5002 -0.4998
vn 0.7071 -0.4998 -0.5003
vn -1.0000 -0.0001 -0.0000
vn 0.0001 -1.0000 -0.0001
vn -0.6666 -0.6667 0.3333
vn -0.6667 0.3333 -0.6666
vn 0.3333 -0.6667 -0.6666
vn -0.4998 -0.7071 -0.5003
vn -0.5002 0.7071 -0.4998
vn -0.0001 0.0001 -1.0000
vn -0.5003 -0.4998 -0.7071
vn -1.0000 -0.0000 0.0002
vn 0.0001 -0.0001 1.0000
vn -0.4998 -0.5002 0.7071
vn 0.3333 -0.6666 0.6667
vn -0.6666 0.3333 0.6667
vn -0.6666 -0.6667 -0.3333
vn 0.7071 -0.5002 0.4998
vn -0.7071 -0.4998 0.5003
vn -1.0000 -0.0000 0.0001
vn -0.0000 -1.0000 0.0001
vn 1.0000 -0.0000 -0.0001
vn 0.6666 0.3333 0.6667
vn -0.3333 -0.6667 0.6666
vn 0.6666 -0.6667 -0.3333
vn 0.5002 0.7071 0.4998
vn 0.5003 0.4998 -0.7071
vn 1.0000 -0.0000 0.0002
vn -0.0001 -0.0000 1.0000
vn 0.0001 1.0000 -0.0000
vn 0.4998 0.5002 0.7071
vn -0.3333 0.6667 0.6666
vn 0.6667 -0.3333 0.6666
vn 0.6666 0.6667 -0.3333
vn -0.7071 0.5002 0.4998
vn 0.4998 -0.7071 0.5003
vt 0.726416 0.863747
vt 0.722621 0.867591
vt 0.722621 0.863747
vt 0.621039 0.863747
vt 0.621039 0.867591
vt 0.752294 0.140446
vt 0.756083 0.140446
vt 0.756083 0.360365
vt 0.752294 0.360365
vt 0.857514 0.140446
vt 0.857514 0.360365
vt 0.857514 0.364187
vt 0.756083 0.364187
vt 0.748398 0.360631
vt 0.744617 0.364462
vt 0.744617 0.360631
vt 0.744617 0.140200
vt 0.748398 0.140200
vt 0.752294 0.364187
vt 0.643402 0.360631
vt 0.643402 0.364462
vt 0.530556 0.369130
vt 0.530556 0.373078
vt 0.526779 0.373078
vt 0.526779 0.478759
vt 0.530556 0.478759
vt 0.639621 0.360631
vt 0.530556 0.482707
vt 0.635788 0.364366
vt 0.631993 0.364366
vt 0.635788 0.360532
vt 0.631993 0.360532
vt 0.530421 0.364366
vt 0.530421 0.360532
vt 0.631675 0.478759
vt 0.631675 0.482707
vt 0.635452 0.478759
vt 0.526627 0.360532
vt 0.526627 0.364366
vt 0.526627 0.139931
vt 0.530421 0.139931
vt 0.970412 0.360961
vt 0.974195 0.360961
vt 0.970412 0.364800
vt 0.530418 0.132233
vt 0.530418 0.128264
vt 0.631999 0.128264
vt 0.631999 0.132233
vt 0.530421 0.136097
vt 0.631993 0.136097
vt 0.631993 0.139931
vt 0.635794 0.128264
vt 0.635788 0.139931
vt 0.635788 0.136097
vt 0.639621 0.140200
vt 0.643402 0.140200
vt 0.643402 0.136369
vt 0.744617 0.136369
vt 0.631999 0.018056
vt 0.635794 0.022025
vt 0.631999 0.022025
vt 0.756083 0.136624
vt 0.752294 0.136624
vt 0.530418 0.022025
vt 0.530418 0.018056
vt 0.857514 0.136624
vt 0.526624 0.022025
vt 0.861303 0.140446
vt 0.861303 0.136624
vt 0.869151 0.360961
vt 0.865369 0.360961
vt 0.865369 0.140068
vt 0.869151 0.140068
vt 0.869151 0.364800
vt 0.631675 0.369130
vt 0.635452 0.373078
vt 0.631675 0.373078
vt 0.861303 0.360365
vt 0.861303 0.364187
s 0
usemtl Clothing
f 45/71/70 47/72/71 46/73/72
f 48/74/73 46/73/74 47/72/75 49/75/71
f 56/76/73 51/77/76 50/78/76 54/79/77
f 87/80/76 52/81/76 50/78/76 51/77/76
f 52/81/76 95/82/78 53/83/71 50/78/76
f 50/78/76 53/83/71 54/79/72
f 54/84/79 57/85/71 55/86/72
f 81/87/73 56/88/80 54/84/76 55/86/73
f 54/79/81 53/83/82 57/89/83
f 60/90/73 55/86/84 57/85/75 59/91/71
f 53/92/76 58/93/71 57/94/73
f 59/95/85 57/94/84 58/93/71 61/96/71
f 59/91/71 62/97/86 60/90/73
f 61/96/87 63/98/86 59/95/73
f 59/99/88 63/100/89 62/101/90
f 64/102/91 63/100/92 65/103/71 67/104/91
f 63/100/87 64/102/86 62/101/93
f 63/98/91 61/96/71 66/105/71 65/106/94
f 68/107/95 65/106/91 66/105/71
f 69/108/96 67/104/91 65/103/71
f 68/109/97 69/108/98 65/103/99
f 67/104/91 69/108/100 71/110/95 72/111/91
f 70/112/96 69/113/101 68/114/71
f 73/115/91 74/116/102 76/117/102 75/118/103
f 72/111/91 73/119/104 75/120/102 77/121/91
f 78/122/105 75/118/91 76/117/106
f 79/123/105 77/121/91 75/120/102
f 78/124/107 79/123/108 75/120/109
f 77/121/91 79/123/110 62/101/73 64/102/91
f 79/125/91 80/126/73 60/90/73 62/97/111
f 80/126/105 79/125/112 78/127/106
f 80/126/73 81/87/73 55/86/73 60/90/73
f 78/127/113 82/128/102 81/87/73 80/126/114
f 56/88/115 81/87/73 82/128/102
f 84/129/76 82/130/73 83/131/102
f 76/117/102 83/131/102 82/130/116 78/122/114
f 84/132/117 56/76/118 82/133/119
f 84/129/76 83/131/102 86/134/102 85/135/120
f 51/77/76 84/132/121 85/136/102 87/80/76
f 51/77/115 56/76/122 84/132/102
f 85/135/76 86/134/123 89/137/124
f 87/80/76 85/136/102 88/138/95
f 88/138/125 85/136/126 89/139/127
f 91/140/95 92/141/128 88/142/76 90/143/95
f 68/114/129 93/144/71 91/140/95 70/112/130
f 92/141/76 91/140/95 93/144/71
f 95/145/131 93/146/95 94/147/132
f 66/105/71 94/147/71 93/146/133 68/107/130
f 95/82/134 92/148/135 93/149/136
f 95/145/76 94/147/71 58/93/71 53/92/137
f 52/81/76 92/148/95 95/82/132
f 61/96/71 58/93/71 94/147/71 66/105/71
f 92/148/95 52/81/76 87/80/76 88/138/138
f 74/116/102 86/134/102 83/131/102 76/117/102
f 77/121/91 64/102/91 67/104/91 72/111/91
o Right_Leg
v -0.065000 1.967500 0.467500
v -0.065000 2.000000 0.435000
v -0.032500 1.967500 0.435000
v -0.032500 1.935000 0.467500
v 0.000000 1.935000 0.435000
v 0.000000 0.065000 0.435000
v -0.032500 0.032500 0.435000
v -0.032500 0.065000 0.467500
v -0.065000 0.065000 0.500000
v -0.065000 0.000000 0.435000
v -0.065000 0.032500 0.467500
v -0.935000 0.032500 0.467500
v -0.935000 0.000000 0.435000
v -0.967500 0.032500 0.435000
v -1.000000 0.065000 0.435000
v -1.000000 0.065000 -0.435000
v -0.967500 0.065000 -0.467500
v -0.967500 0.032500 -0.435000
v -0.935000 0.065000 -0.500000
v -0.935000 -0.000000 -0.435000
v -0.935000 0.032500 -0.467500
v -0.065000 -0.000000 -0.435000
v -0.065000 0.032500 -0.467500
v -0.032500 0.032500 -0.435000
v 0.000000 0.065000 -0.435000
v -0.065000 0.065000 -0.500000
v -0.032500 0.065000 -0.467500
v 0.000000 1.935000 -0.435000
v -0.032500 1.935000 -0.467500
v -0.032500 1.967500 -0.435000
v -0.065000 1.935000 -0.500000
v -0.065000 2.000000 -0.435000
v -0.065000 1.967500 -0.467500
v -0.935000 1.935000 -0.500000
v -0.935000 1.967500 -0.467500
v -0.967500 1.935000 -0.467500
v -0.935000 2.000000 -0.435000
v -1.000000 1.935000 -0.435000
v -0.967500 1.967500 -0.435000
v -0.935000 2.000000 0.435000
v -0.967500 1.967500 0.435000
v -0.967500 0.065000 0.467500
v -1.000000 1.935000 0.435000
v -0.967500 1.935000 0.467500
v -0.935000 1.967500 0.467500
v -0.065000 1.935000 0.500000
v -0.935000 0.065000 0.500000
v -0.935000 1.935000 0.500000
v 0.000000 1.935000 0.435000
v 0.000000 0.065000 0.435000
v 0.000000 0.065000 -0.435000
v 0.000000 1.935000 -0.435000
vn -0.0000 -0.0000 -1.0000
vn -0.0000 -1.0000 -0.0000
vn 1.0000 -0.0000 -0.0000
vn -0.0000 -0.0000 1.0000
vn 0.4998 -0.7071 0.5003
vn 0.0001 1.0000 -0.0001
vn -0.0000 1.0000 -0.0000
vn -0.7071 0.5002 0.4998
vn -0.3333 0.6667 0.6666
vn 0.6667 -0.3333 0.6666
vn 0.6666 0.6667 -0.3333
vn 0.4998 0.5002 0.7071
vn 1.0000 -0.0000 0.0002
vn -0.0001 0.0001 1.0000
vn 0.0001 1.0000 -0.0000
vn 0.5003 0.4998 -0.7071
vn 0.5002 0.7071 0.4998
vn 0.4998 -0.5002 -0.7071
vn 1.0000 -0.0000 -0.0002
vn 0.5003 -0.4998 0.7071
vn -0.0001 -1.0000 0.0001
vn 0.6666 0.3333 0.6667
vn -0.3333 -0.6667 0.6666
vn 0.6666 -0.6667 -0.3333
vn 1.0000 -0.0001 -0.0000
vn 0.0001 -0.0001 1.0000
vn -1.0000 0.0001 0.0001
vn -0.7071 -0.4998 0.5003
vn 0.7071 -0.5002 0.4998
vn 0.3333 -0.6666 0.6667
vn -0.6666 0.3333 0.6667
vn -0.6666 -0.6667 -0.3333
vn -0.4998 -0.5002 0.7071
vn -1.0000 -0.0000 0.0002
vn -1.0000 -0.0000 -0.0000
vn 0.0001 -0.0000 1.0000
vn -0.5003 -0.4998 -0.7071
vn -1.0000 -0.0001 0.0001
vn -0.0001 0.0001 -1.0000
vn -0.0000 -1.0000 -0.0001
vn -0.5002 0.7071 -0.4998
vn -0.4998 -0.7071 -0.5003
vn -0.6666 -0.6667 0.3333
vn -0.6667 0.3333 -0.6666
vn 0.3333 -0.6667 -0.6666
vn -1.0000 -0.0001 -0.0000
vn 0.0001 -1.0000 -0.0001
vn 0.7071 -0.4998 -0.5003
vn -0.7071 -0.5002 -0.4998
vn 1.0000 0.0001 -0.0001
vn 0.6667 -0.6666 0.3333
vn -0.3333 -0.6666 -0.6667
vn 0.6667 0.3333 -0.6666
vn 0.0001 -1.0000 0.0001
vn 1.0000 0.0001 0.0001
vn 0.0001 -0.0000 -1.0000
vn 0.5002 -0.7071 -0.4998
vn 0.4998 0.7071 -0.5003
vn 0.6667 0.6666 0.3333
vn 0.6667 -0.3333 -0.6666
vn -0.3333 0.6667 -0.6666
vn 1.0000 -0.0000 0.0001
vn 0.7071 0.5002 -0.4998
vn -0.0001 1.0000 0.0001
vn -0.0000 0.0001 -1.0000
vn -0.7071 0.4998 -0.5003
vn -0.6666 0.6667 0.3333
vn 0.3333 0.6667 -0.6666
vn -0.6666 -0.3333 -0.6667
vn -0.0001 1.0000 -0.0000
vn 0.0001 0.0001 -1.0000
vn -0.4998 0.5002 -0.7071
vn -1.0000 -0.0000 -0.0002
vn -0.5003 0.4998 0.7071
vn -0.6667 -0.3333 0.6666
vn 0.3333 0.6667 0.6666
vn -0.6667 0.6666 -0.3333
vn -0.5002 -0.7071 0.4998
vn -0.0001 -0.0000 1.0000
vn -1.0000 -0.0000 -0.0001
vn -1.0000 0.0001 -0.0001
vn 0.7071 0.4998 0.5003
vn -0.4998 0.7071 0.5003
vt 0.631993 0.139931
vt 0.631993 0.360532
vt 0.530421 0.360532
vt 0.530421 0.139931
vt 0.530418 0.128264
vt 0.530418 0.022025
vt 0.631999 0.022025
vt 0.631999 0.128264
vt 0.861303 0.360365
vt 0.857514 0.360365
vt 0.857514 0.140446
vt 0.861303 0.140446
vt 0.857514 0.364187
vt 0.631675 0.369130
vt 0.631675 0.373078
vt 0.530556 0.373078
vt 0.530556 0.369130
vt 0.861303 0.364187
vt 0.631675 0.478759
vt 0.635452 0.373078
vt 0.635452 0.478759
vt 0.865369 0.360961
vt 0.869151 0.360961
vt 0.869151 0.364800
vt 0.970412 0.364800
vt 0.970412 0.360961
vt 0.869151 0.140068
vt 0.970412 0.140068
vt 0.865369 0.140068
vt 0.526624 0.128264
vt 0.526624 0.022025
vt 0.869151 0.136229
vt 0.970412 0.136229
vt 0.857514 0.136624
vt 0.861303 0.136624
vt 0.530418 0.018056
vt 0.756083 0.140446
vt 0.752294 0.140446
vt 0.756083 0.136624
vt 0.631999 0.018056
vt 0.752294 0.136624
vt 0.635794 0.022025
vt 0.635794 0.128264
vt 0.748398 0.140200
vt 0.744617 0.140200
vt 0.744617 0.136369
vt 0.643402 0.136369
vt 0.643402 0.140200
vt 0.744617 0.360631
vt 0.643402 0.360631
vt 0.639621 0.140200
vt 0.639621 0.360631
vt 0.635788 0.139931
vt 0.635788 0.360532
vt 0.635788 0.136097
vt 0.631993 0.136097
vt 0.631999 0.132233
vt 0.530421 0.136097
vt 0.530418 0.132233
vt 0.526627 0.136097
vt 0.526627 0.139931
vt 0.974195 0.140068
vt 0.974195 0.360961
vt 0.526627 0.360532
vt 0.526627 0.364366
vt 0.530421 0.364366
vt 0.631675 0.482707
vt 0.530556 0.482707
vt 0.530556 0.478759
vt 0.631993 0.364366
vt 0.635788 0.364366
vt 0.526779 0.478759
vt 0.643402 0.364462
vt 0.526779 0.373078
vt 0.744617 0.364462
vt 0.752294 0.360365
vt 0.756083 0.364187
vt 0.752294 0.364187
vt 0.748398 0.360631
vt 0.756083 0.360365
vt 0.036476 0.360961
vt 0.036476 0.140068
vt 0.137737 0.140068
vt 0.137737 0.360961
s 0
usemtl Clothing
f 114/150/139 129/151/139 126/152/139 121/153/139
f 117/154/140 105/155/140 108/156/140 115/157/140
f 99/158/141 141/159/142 104/160/142 103/161/143
f 141/159/142 99/158/141 96/162/144
f 96/163/142 97/164/145 135/165/145 140/166/146
f 96/162/147 99/158/148 98/167/149
f 127/168/145 97/164/145 98/169/150 125/170/151
f 96/163/152 98/169/141 97/164/153
f 99/171/142 100/172/141 98/173/145
f 125/174/154 98/173/145 100/172/141 123/175/151
f 123/175/141 100/172/141 101/176/141 120/177/141
f 100/172/141 99/171/155 103/178/142 101/176/141
f 119/179/156 102/180/157 105/155/140 117/154/140
f 120/177/141 101/176/157 102/181/158 119/182/140
f 103/178/142 102/181/159 101/176/141
f 103/161/160 106/183/161 102/184/162
f 104/160/142 106/183/140 103/161/141
f 106/185/142 105/155/159 102/180/163
f 142/186/164 137/187/165 107/188/140
f 142/186/142 107/188/166 106/183/140 104/160/142
f 107/189/142 108/156/140 105/155/140 106/185/167
f 107/188/168 137/187/169 109/190/170
f 115/157/140 108/156/140 109/191/171 113/192/172
f 107/189/142 109/191/173 108/156/140
f 137/193/174 110/194/173 109/195/140
f 113/196/175 109/195/140 110/194/173 111/197/172
f 111/197/173 110/194/173 138/198/173 133/199/173
f 111/197/176 112/200/177 113/196/178
f 112/200/139 111/197/173 133/199/173 131/201/179
f 114/150/139 112/202/180 131/203/173 129/151/139
f 113/204/181 112/202/182 116/205/183
f 112/202/176 114/150/139 116/205/140
f 113/192/184 116/206/139 115/157/185
f 121/153/139 118/207/186 116/205/140 114/150/139
f 118/208/139 117/154/140 115/157/140 116/206/187
f 117/154/140 118/208/139 119/179/188
f 119/209/189 118/207/190 122/210/191
f 119/182/192 122/211/139 120/177/188
f 118/207/140 121/153/139 122/210/141
f 123/175/193 124/212/194 125/174/145
f 124/212/139 123/175/141 120/177/141 122/211/195
f 126/152/139 124/213/196 122/210/141 121/153/139
f 125/214/197 124/213/198 128/215/199
f 124/213/200 126/152/139 128/215/145
f 125/170/141 128/216/139 127/168/145
f 130/217/139 132/218/145 127/168/145 128/216/201
f 130/219/202 129/151/203 131/203/184
f 129/151/139 130/219/204 128/215/145 126/152/139
f 134/220/205 130/219/206 131/203/207
f 132/218/208 130/217/209 134/221/173
f 134/222/145 131/201/203 133/199/173
f 134/221/210 136/223/211 135/165/145 132/218/145
f 140/166/142 135/165/145 136/223/173
f 133/199/173 138/198/211 136/224/212 134/222/145
f 139/225/213 140/226/214 136/227/215
f 110/194/173 137/193/216 139/228/142 138/198/173
f 139/228/217 136/224/145 138/198/218
f 143/229/142 140/226/145 139/225/219
f 141/159/142 96/162/220 140/226/145 143/229/142
f 104/160/142 141/159/142 143/229/142 142/186/142
f 137/187/173 142/186/142 143/229/142 139/225/221
f 147/230/173 146/231/173 145/232/173 144/233/173
o Left_Leg
v 0.065000 1.967500 0.467500
v 0.032500 1.967500 0.435000
v 0.032500 1.935000 0.467500
v 0.032500 0.032500 0.435000
v 0.032500 0.065000 0.467500
v 0.065000 0.065000 0.500000
v 0.065000 0.000000 0.435000
v 0.065000 0.032500 0.467500
v 0.935000 0.032500 0.467500
v 0.935000 0.000000 0.435000
v 0.967500 0.032500 0.435000
v 1.000000 0.065000 0.435000
v 1.000000 0.065000 -0.435000
v 0.967500 0.065000 -0.467500
v 0.967500 0.032500 -0.435000
v 0.935000 0.065000 -0.500000
v 0.935000 -0.000000 -0.435000
v 0.935000 0.032500 -0.467500
v 0.065000 -0.000000 -0.435000
v 0.065000 0.032500 -0.467500
v 0.032500 0.032500 -0.435000
v 0.065000 0.065000 -0.500000
v 0.032500 0.065000 -0.467500
v 0.032500 1.935000 -0.467500
v 0.032500 1.967500 -0.435000
v 0.065000 1.935000 -0.500000
v 0.065000 1.967500 -0.467500
v 0.935000 1.935000 -0.500000
v 0.935000 1.967500 -0.467500
v 0.967500 1.935000 -0.467500
v 1.000000 1.935000 -0.435000
v 0.967500 1.967500 -0.435000
v 0.967500 1.967500 0.435000
v 0.967500 0.065000 0.467500
v 1.000000 1.935000 0.435000
v 0.967500 1.935000 0.467500
v 0.935000 1.967500 0.467500
v 0.065000 1.935000 0.500000
v 0.935000 0.065000 0.500000
v 0.935000 1.935000 0.500000
v 0.032500 1.967500 0.435000
v 0.032500 1.935000 0.467500
v 0.000000 1.935000 0.435000
v 0.000000 0.065000 0.435000
v 0.032500 0.032500 0.435000
v 0.032500 0.065000 0.467500
v 0.032500 0.032500 -0.435000
v 0.000000 0.065000 -0.435000
v 0.032500 0.065000 -0.467500
v 0.000000 1.935000 -0.435000
v 0.032500 1.935000 -0.467500
v 0.032500 1.967500 -0.435000
vn -0.0000 -0.0000 -1.0000
vn -0.0000 -1.0000 -0.0000
vn -1.0000 -0.0000 -0.0000
vn -0.4998 -0.7071 0.5003
vn -0.0000 -0.0000 1.0000
vn -0.0001 -0.0000 1.0000
vn -0.0000 1.0000 -0.0000
vn -1.0000 0.0001 -0.0001
vn 0.3333 0.6667 0.6666
vn -0.6666 0.6667 -0.3333
vn -0.6667 -0.3333 0.6666
vn -0.4998 -0.5002 -0.7071
vn -1.0000 -0.0000 -0.0002
vn -0.6666 0.3333 0.6667
vn -0.6666 -0.6667 -0.3333
vn 0.3333 -0.6667 0.6666
vn 0.0001 -0.0001 1.0000
vn -1.0000 0.0001 0.0001
vn -0.0001 -1.0000 -0.0001
vn -0.0001 -1.0000 0.0001
vn 1.0000 -0.0000 -0.0000
vn 0.7071 -0.4998 0.5003
vn -0.7071 -0.5002 0.4998
vn -0.3333 -0.6666 0.6667
vn 0.6666 -0.6667 -0.3333
vn 0.6666 0.3333 0.6667
vn -0.0000 -1.0000 0.0003
vn 1.0000 -0.0000 0.0002
vn 0.4998 -0.5002 0.7071
vn 0.0001 0.0001 1.0000
vn 1.0000 -0.0001 -0.0000
vn -0.0000 -1.0000 0.0001
vn 1.0000 -0.0001 -0.0001
vn 0.5003 -0.4998 -0.7071
vn 0.5002 0.7071 -0.4998
vn 0.4998 -0.7071 -0.5003
vn 0.6666 -0.6667 0.3333
vn -0.3333 -0.6667 -0.6666
vn 0.6667 0.3333 -0.6666
vn 0.0001 -1.0000 0.0001
vn -0.0000 -0.0001 -1.0000
vn -0.0001 -0.0001 -1.0000
vn -0.7071 -0.4998 -0.5003
vn 0.7071 -0.5002 -0.4998
vn 0.0001 -1.0000 -0.0001
vn -0.0001 0.0001 -1.0000
vn -0.6667 -0.6666 0.3333
vn -0.6667 0.3333 -0.6666
vn 0.3333 -0.6666 -0.6667
vn -0.0000 -1.0000 -0.0001
vn -1.0000 -0.0001 0.0001
vn -0.4998 0.7071 -0.5003
vn -0.6667 0.6666 0.3333
vn 0.3333 0.6667 -0.6666
vn -0.6667 -0.3333 -0.6666
vn -0.0001 1.0000 0.0001
vn -0.0000 0.0001 -1.0000
vn 0.0002 -0.0000 -1.0000
vn 0.7071 0.4998 -0.5003
vn 0.6666 0.6667 0.3333
vn 0.6666 -0.3333 -0.6667
vn -0.3333 0.6667 -0.6666
vn 1.0000 -0.0000 0.0001
vn 0.5003 0.4998 0.7071
vn 1.0000 -0.0000 -0.0002
vn 0.6667 -0.3333 0.6666
vn 0.6667 0.6666 -0.3333
vn -0.3333 0.6667 0.6666
vn 0.5002 -0.7071 0.4998
vn 0.0001 1.0000 -0.0001
vn -0.0000 0.0001 1.0000
vn -0.7071 0.4998 0.5003
vn 0.4998 0.7071 0.5003
vn 0.0001 1.0000 -0.0000
vn -0.5003 0.4998 -0.7071
vn -1.0000 -0.0000 0.0002
vn -0.5002 0.7071 0.4998
vn -0.5003 -0.4998 0.7071
vn -0.5002 -0.7071 -0.4998
vt 0.374895 0.139931
vt 0.476467 0.139931
vt 0.476467 0.360532
vt 0.374895 0.360532
vt 0.476470 0.128264
vt 0.374889 0.128264
vt 0.374889 0.022025
vt 0.476470 0.022025
vt 0.145585 0.360365
vt 0.145585 0.140446
vt 0.149374 0.140446
vt 0.149374 0.360365
vt 0.149374 0.364187
vt 0.145585 0.364187
vt 0.480264 0.128264
vt 0.480264 0.022025
vt 0.145585 0.136624
vt 0.149374 0.136624
vt 0.476470 0.018056
vt 0.250805 0.140446
vt 0.250805 0.136624
vt 0.254594 0.140446
vt 0.374889 0.018056
vt 0.254594 0.136624
vt 0.371094 0.128264
vt 0.371094 0.022025
vt 0.258490 0.140200
vt 0.262272 0.136369
vt 0.262272 0.140200
vt 0.363486 0.136369
vt 0.363486 0.140200
vt 0.363486 0.360631
vt 0.262272 0.360631
vt 0.367267 0.140200
vt 0.367267 0.360631
vt 0.371100 0.360532
vt 0.371100 0.139931
vt 0.371100 0.136097
vt 0.374895 0.136097
vt 0.374889 0.132233
vt 0.476467 0.136097
vt 0.476470 0.132233
vt 0.480261 0.136097
vt 0.480261 0.139931
vt 0.480261 0.360532
vt 0.480261 0.364366
vt 0.476467 0.364366
vt 0.374895 0.364366
vt 0.371100 0.364366
vt 0.363486 0.364462
vt 0.262272 0.364462
vt 0.254594 0.360365
vt 0.254594 0.364187
vt 0.250805 0.364187
vt 0.258490 0.360631
vt 0.250805 0.360365
vt 0.141519 0.360961
vt 0.137737 0.364800
vt 0.137737 0.360961
vt 0.036476 0.364800
vt 0.036476 0.360961
vt 0.137737 0.140068
vt 0.141519 0.140068
vt 0.036476 0.140068
vt 0.036476 0.136229
vt 0.137737 0.136229
vt 0.032693 0.140068
vt 0.032693 0.360961
s 0
usemtl Clothing
f 163/234/222 169/235/222 173/236/222 175/237/222
f 166/238/223 164/239/223 157/240/223 154/241/223
f 150/242/224 152/243/225 153/244/226 185/245/226
f 185/245/227 148/246/228 150/242/229
f 148/246/230 149/247/231 150/242/232
f 168/248/233 166/238/223 154/241/223 151/249/234
f 152/243/235 151/250/236 155/251/237
f 153/244/238 152/243/239 155/251/240
f 155/252/238 151/249/224 154/241/223
f 186/253/226 156/254/241 181/255/242
f 186/253/226 153/244/226 155/251/223 156/254/243
f 156/256/226 155/252/244 154/241/223 157/240/223
f 156/254/245 158/257/246 181/255/247
f 164/239/248 162/258/249 158/259/250 157/240/223
f 156/256/251 157/240/241 158/259/252
f 181/260/226 158/261/253 159/262/254
f 162/263/255 160/264/249 159/262/242 158/261/223
f 160/264/242 178/265/242 182/266/242 159/262/242
f 160/264/242 162/263/223 161/267/222
f 161/267/222 177/268/256 178/265/242 160/264/242
f 163/234/222 175/237/222 177/269/242 161/270/257
f 162/271/258 165/272/259 161/270/260
f 161/270/242 165/272/261 163/234/262
f 162/258/242 164/239/223 165/273/263
f 169/235/222 163/234/222 165/272/223 167/274/264
f 167/275/222 165/273/265 164/239/223 166/238/223
f 166/238/266 168/248/224 167/275/267
f 168/276/268 170/277/269 167/274/270
f 167/274/271 170/277/272 169/235/267
f 173/236/222 169/235/222 170/277/224 171/278/273
f 172/279/274 174/280/275 171/278/276
f 171/278/224 174/280/277 173/236/278
f 176/281/228 177/269/242 175/237/222
f 175/237/222 173/236/279 174/280/228 176/281/280
f 179/282/281 177/269/282 176/281/283
f 179/283/228 178/265/284 177/268/222
f 178/265/242 179/283/228 180/284/285 182/266/286
f 183/285/287 180/286/288 184/287/289
f 159/262/242 182/266/242 183/288/226 181/260/290
f 183/288/226 182/266/242 180/284/291
f 187/289/292 183/285/242 184/287/291
f 185/245/226 187/289/226 184/287/228 148/246/293
f 153/244/226 186/253/226 187/289/226 185/245/226
f 181/255/242 183/285/294 187/289/226 186/253/226
f 189/290/227 188/291/295 190/292/229
f 199/293/296 197/294/297 190/292/224 188/291/228
f 190/292/224 191/295/224 193/296/226 189/290/298
f 195/297/224 194/298/223 192/299/299 191/295/234
f 193/296/238 191/295/239 192/299/223
f 194/298/223 195/297/224 196/300/267
f 197/294/224 199/293/277 198/301/222
f 198/301/222 196/300/300 195/297/224 197/294/224
o Torso
v -0.935000 3.935000 0.500000
v -0.935000 2.065000 0.500000
v 0.935000 3.935000 0.500000
v -0.935000 3.967500 0.467500
v -0.967500 3.935000 0.467500
v -1.000000 3.935000 0.435000
v -0.967500 3.967500 0.435000
v -0.967500 2.065000 0.467500
v -1.000000 2.065000 0.435000
v -0.935000 2.032500 0.467500
v -0.967500 2.032500 0.435000
v -0.935000 2.000000 0.435000
v -0.967500 2.032500 -0.435000
v -0.935000 2.000000 -0.435000
v -1.000000 2.065000 -0.435000
v -0.935000 2.032500 -0.467500
v -0.967500 2.065000 -0.467500
v -0.935000 2.065000 -0.500000
v -0.967500 3.935000 -0.467500
v -0.935000 3.935000 -0.500000
v -1.000000 3.935000 -0.435000
v -0.967500 3.967500 -0.435000
v -0.935000 3.967500 -0.467500
v -0.935000 4.000000 -0.435000
v 0.935000 3.967500 -0.467500
v 0.935000 4.000000 -0.435000
v 0.935000 3.935000 -0.500000
v 0.967500 3.967500 -0.435000
v 0.967500 3.935000 -0.467500
v 1.000000 3.935000 -0.435000
v 0.967500 2.065000 -0.467500
v 0.935000 2.065000 -0.500000
v 1.000000 2.065000 -0.435000
v 0.967500 2.032500 -0.435000
v 0.935000 2.032500 -0.467500
v 0.935000 2.000000 -0.435000
v 0.935000 2.000000 0.435000
v 0.935000 2.032500 0.467500
v 0.967500 2.032500 0.435000
v 1.000000 2.065000 0.435000
v 0.967500 2.065000 0.467500
v 0.935000 2.065000 0.500000
v 0.967500 3.935000 0.467500
v 1.000000 3.935000 0.435000
v 0.935000 3.967500 0.467500
v 0.967500 3.967500 0.435000
v 0.935000 4.000000 0.435000
v -0.935000 4.000000 0.435000
v -0.065000 2.000000 0.435000
v -0.065000 2.000000 -0.435000
v -0.935000 2.000000 -0.435000
v -0.935000 2.000000 0.435000
v -1.032500 3.935000 -0.467500
v -1.000000 3.935000 -0.435000
v -1.032500 2.065000 -0.467500
v -1.065000 2.065000 -0.500000
v -1.000000 2.065000 -0.435000
v -1.032500 2.032500 -0.435000
v -1.065000 2.032500 -0.467500
v -1.065000 2.000000 -0.435000
v -1.065000 2.000000 0.435000
v -1.032500 2.065000 0.467500
v -1.032500 2.032500 0.435000
v -1.000000 2.065000 0.435000
v -1.000000 3.935000 0.435000
v 0.065000 1.967500 0.467500
v 0.065000 2.000000 0.435000
v 0.032500 1.967500 0.435000
v 0.032500 1.967500 -0.435000
v 0.065000 2.000000 -0.435000
v 0.065000 1.967500 -0.467500
v 0.935000 1.967500 -0.467500
v 0.935000 2.000000 -0.435000
v 0.967500 1.967500 -0.435000
v 0.935000 2.000000 0.435000
v 0.967500 1.967500 0.435000
v 0.935000 1.967500 0.467500
v 1.065000 3.935000 0.500000
v 1.032500 3.967500 -0.435000
v 1.000000 3.935000 -0.435000
v 1.000000 2.065000 -0.435000
v 1.032500 2.032500 -0.435000
v 1.065000 2.032500 0.467500
v 1.065000 2.065000 0.500000
v 1.032500 2.065000 0.467500
v 1.032500 2.032500 0.435000
v 1.000000 2.065000 0.435000
v 1.000000 3.935000 0.435000
v 1.032500 3.935000 0.467500
v 1.032500 3.967500 0.435000
v 1.065000 4.000000 0.435000
v 1.065000 3.967500 0.467500
vn -0.0000 -0.0000 1.0000
vn -1.0000 -0.0000 -0.0000
vn -0.4998 0.7071 0.5002
vn -0.0000 1.0000 -0.0000
vn 0.7071 0.5003 0.4997
vn -0.0000 0.0001 1.0000
vn -1.0000 0.0001 -0.0001
vn -0.5002 -0.7071 0.4998
vn -0.6667 -0.3333 0.6666
vn 0.3333 0.6667 0.6666
vn -0.6667 0.6666 -0.3333
vn 0.0001 -0.0000 1.0000
vn -1.0000 0.0001 0.0001
vn -0.0001 -1.0000 -0.0000
vn -0.0000 -1.0000 -0.0000
vn 0.3333 -0.6666 0.6667
vn -0.6666 0.3333 0.6667
vn -0.6667 -0.6666 -0.3333
vn -0.4997 -0.5002 0.7071
vn -1.0000 0.0001 -0.0000
vn -0.5003 -0.4998 -0.7071
vn -1.0000 -0.0000 0.0002
vn -1.0000 -0.0001 0.0001
vn -0.0000 -0.0000 -1.0000
vn 0.0001 -1.0000 -0.0000
vn -0.0000 -1.0000 -0.0001
vn -0.6666 -0.6667 0.3333
vn -0.6666 0.3333 -0.6667
vn 0.3333 -0.6667 -0.6666
vn -0.4998 -0.7071 -0.5003
vn -0.5002 0.7071 -0.4998
vn -0.0000 1.0000 0.0001
vn -0.0000 0.0001 -1.0000
vn 0.0001 -0.0000 -1.0000
vn -0.6666 0.6667 0.3333
vn 0.3333 0.6667 -0.6666
vn -0.6666 -0.3333 -0.6667
vn -0.7071 0.5003 -0.4997
vn -0.0001 1.0000 -0.0000
vn -0.0004 -0.0000 -1.0000
vn -0.0003 1.0000 -0.0000
vn 0.7071 0.5003 -0.4998
vn 1.0000 -0.0000 -0.0000
vn 1.0000 0.0001 0.0001
vn 0.6667 0.6666 0.3333
vn 0.6667 -0.3333 -0.6666
vn -0.3333 0.6667 -0.6666
vn 0.4998 0.7071 -0.5002
vn 1.0000 0.0001 -0.0000
vn -0.0000 -0.0001 -1.0000
vn 0.5002 -0.7071 -0.4998
vn -0.0001 -0.0001 -1.0000
vn 1.0000 0.0001 -0.0001
vn -0.0001 -0.0000 -1.0000
vn 0.6667 -0.6666 0.3333
vn -0.3333 -0.6666 -0.6667
vn 0.6666 0.3333 -0.6667
vn -0.0003 -0.0000 -1.0000
vn -0.7071 -0.5002 -0.4998
vn 0.7071 -0.4997 -0.5002
vn 0.4997 -0.5002 -0.7071
vn 1.0000 -0.0000 -0.0001
vn 0.7071 -0.5002 0.4998
vn 0.0003 -0.0000 1.0000
vn -0.0000 -1.0000 0.0001
vn 1.0000 -0.0000 -0.0002
vn 0.5003 -0.4998 0.7071
vn 0.6666 0.3333 0.6667
vn -0.3333 -0.6667 0.6666
vn 0.6666 -0.6667 -0.3333
vn 0.5002 0.7071 0.4998
vn 0.4998 -0.7071 0.5003
vn -0.0001 -0.0000 1.0000
vn 1.0000 -0.0001 -0.0000
vn 0.0001 1.0000 -0.0001
vn -0.3333 0.6667 0.6666
vn 0.6666 -0.3333 0.6667
vn 0.6666 0.6667 -0.3333
vn 0.0001 1.0000 -0.0000
vn 0.4998 0.5002 0.7071
vn 1.0000 -0.0000 0.0002
vn 0.5002 0.4998 -0.7071
vn 1.0000 -0.0000 0.0003
vn 0.0003 1.0000 -0.0000
vn -0.7071 0.5003 0.4998
vn 0.0004 -0.0000 1.0000
vn -0.4998 0.5002 -0.7071
vn -1.0000 -0.0000 -0.0002
vn -0.7071 -0.4997 0.5002
vn 0.6667 0.3333 -0.6666
vn 0.4998 -0.5002 -0.7071
vn 0.7071 0.5002 0.4998
vn -0.4998 0.5002 0.7071
vn -1.0000 -0.0001 -0.0001
vn 0.0001 0.0001 -1.0000
vn -0.7071 0.5002 -0.4998
vn 0.4998 0.5002 -0.7071
vn -0.0000 1.0000 -0.0003
vn -0.0001 0.0001 1.0000
vn 1.0000 -0.0001 0.0001
vn -0.6666 -0.6667 -0.3333
vn 0.3333 -0.6667 0.6666
vn -0.5003 -0.4998 0.7071
vn -0.5002 0.7071 0.4998
vn -0.5003 0.4998 -0.7071
vn -0.0001 -0.0001 1.0000
vn -1.0000 -0.0000 -0.0001
vn -0.6666 0.6667 -0.3333
vn -0.4998 -0.7071 0.5003
vt 0.945022 0.642872
vt 0.945022 0.863591
vt 0.733631 0.863591
vt 0.733631 0.642872
vt 0.729957 0.642872
vt 0.729957 0.863591
vt 0.733631 0.867427
vt 0.945022 0.867427
vt 0.722621 0.642557
vt 0.726416 0.642557
vt 0.726416 0.863747
vt 0.722621 0.863747
vt 0.729957 0.867427
vt 0.722621 0.638713
vt 0.733631 0.639036
vt 0.729957 0.639036
vt 0.609811 0.630802
vt 0.609811 0.525214
vt 0.613471 0.525214
vt 0.613471 0.630802
vt 0.609811 0.521270
vt 0.621039 0.638713
vt 0.621039 0.642557
vt 0.609811 0.634746
vt 0.617244 0.642557
vt 0.613593 0.638897
vt 0.613593 0.642734
vt 0.609920 0.638897
vt 0.609920 0.642734
vt 0.613593 0.863507
vt 0.609920 0.863507
vt 0.621039 0.863747
vt 0.617244 0.863747
vt 0.609920 0.867344
vt 0.621039 0.867591
vt 0.613593 0.867344
vt 0.398576 0.867344
vt 0.398576 0.863507
vt 0.609912 0.875231
vt 0.609912 0.871255
vt 0.613583 0.875231
vt 0.398732 0.875231
vt 0.398732 0.871255
vt 0.395062 0.875231
vt 0.394903 0.863507
vt 0.394903 0.867344
vt 0.394903 0.642734
vt 0.398576 0.642734
vt 0.387371 0.863689
vt 0.391151 0.863689
vt 0.387371 0.867529
vt 0.387371 0.642688
vt 0.391151 0.642688
vt 0.398576 0.638897
vt 0.387371 0.638848
vt 0.394903 0.638897
vt 0.399203 0.634746
vt 0.399203 0.630802
vt 0.395543 0.630802
vt 0.399203 0.525214
vt 0.395543 0.525214
vt 0.399203 0.521270
vt 0.282388 0.642688
vt 0.286169 0.638848
vt 0.286169 0.642688
vt 0.948696 0.642872
vt 0.945022 0.639036
vt 0.948696 0.639036
vt 0.286169 0.863689
vt 0.282388 0.863689
vt 0.948696 0.863591
vt 0.286169 0.867529
vt 0.948696 0.867427
vt 0.398732 0.985643
vt 0.395061 0.981667
vt 0.398732 0.981667
vt 0.609912 0.981667
vt 0.609913 0.985643
vt 0.613583 0.981667
vt 0.530556 0.478759
vt 0.530556 0.373078
vt 0.631675 0.373078
vt 0.631675 0.478759
vt 0.974195 0.360961
vt 0.970412 0.360961
vt 0.970412 0.140068
vt 0.974195 0.140068
vt 0.530421 0.136097
vt 0.530421 0.139931
vt 0.526627 0.139931
vt 0.970412 0.136229
vt 0.526627 0.136097
vt 0.530418 0.128264
vt 0.530418 0.132233
vt 0.526624 0.128264
vt 0.865369 0.140068
vt 0.869151 0.136229
vt 0.869151 0.140068
vt 0.526624 0.022025
vt 0.530418 0.022025
vt 0.869151 0.360961
vt 0.476332 0.478759
vt 0.375213 0.478759
vt 0.375213 0.373078
vt 0.476332 0.373078
vt 0.375213 0.369130
vt 0.476332 0.369130
vt 0.371436 0.478759
vt 0.371436 0.373078
vt 0.375213 0.482707
vt 0.476332 0.482707
vt 0.480109 0.478759
vt 0.480109 0.373078
vt 0.149374 0.140446
vt 0.145585 0.140446
vt 0.149374 0.136624
vt 0.145585 0.136624
vt 0.141519 0.140068
vt 0.137737 0.140068
vt 0.137737 0.136229
vt 0.036476 0.140068
vt 0.036476 0.136229
vt 0.137737 0.360961
vt 0.141519 0.360961
vt 0.036476 0.360961
vt 0.036476 0.364800
vt 0.137737 0.364800
vt 0.149374 0.364187
vt 0.145585 0.364187
vt 0.145585 0.360365
vt 0.149374 0.360365
s 0
usemtl Clothing
f 241/302/301 202/303/301 200/304/301 201/305/301
f 207/306/302 201/305/301 200/304/301 204/307/303
f 203/308/304 200/304/301 202/303/301 244/309/305
f 200/304/306 203/308/304 204/307/307
f 208/310/302 207/311/308 204/312/301 205/313/302
f 204/307/309 203/308/310 206/314/311
f 207/311/312 208/310/313 210/315/314
f 201/305/312 207/306/313 209/316/315
f 209/316/316 207/306/317 210/317/318
f 213/318/315 211/319/315 210/320/319 212/321/302
f 209/322/301 210/320/320 211/319/315
f 212/323/321 210/315/315 208/310/302 214/324/322
f 212/321/323 215/325/324 213/318/325
f 214/324/302 216/326/324 212/323/326
f 212/327/327 216/328/328 215/329/329
f 216/328/302 217/330/324 215/329/315
f 217/330/324 216/328/330 218/331/302 219/332/324
f 216/326/324 214/324/302 220/333/302 218/334/331
f 222/335/332 219/332/333 218/331/302
f 221/336/304 218/334/334 220/333/302
f 221/337/335 222/335/336 218/331/337
f 219/332/324 222/335/338 224/338/304 226/339/324
f 223/340/339 222/341/324 221/342/302
f 222/341/340 223/340/304 225/343/341 224/344/342
f 227/345/343 224/344/324 225/343/304
f 228/346/344 226/339/333 224/338/332
f 227/347/345 228/346/346 224/338/347
f 226/339/324 228/346/348 230/348/343 231/349/324
f 229/350/349 228/351/350 227/352/304
f 228/351/324 229/350/343 232/353/343 230/354/351
f 234/355/315 231/349/352 230/348/353
f 233/356/325 230/354/354 232/353/353
f 233/357/355 234/355/356 230/348/357
f 234/358/358 235/359/315 213/318/315 215/325/359
f 235/359/315 234/358/324 233/360/349
f 231/349/358 234/355/360 215/329/315 217/330/324
f 235/359/315 236/361/315 211/319/315 213/318/315
f 233/360/361 238/362/343 236/361/315 235/359/315
f 237/363/301 236/361/315 238/362/362
f 236/361/315 237/363/363 209/322/364 211/319/315
f 240/364/301 238/365/365 239/366/343
f 232/353/343 239/366/366 238/365/367 233/356/315
f 240/367/368 237/368/369 238/369/370
f 243/370/343 242/371/371 240/364/301 239/366/343
f 242/372/343 202/303/301 241/302/301 240/367/372
f 241/302/301 237/368/315 240/367/343
f 242/371/373 243/370/343 245/373/304
f 202/303/306 242/372/374 244/309/375
f 244/309/376 242/372/377 245/374/378
f 244/375/301 245/376/343 246/377/379
f 225/343/304 246/377/304 245/376/380 227/345/381
f 227/352/382 245/373/304 243/370/343 229/350/383
f 247/378/384 203/379/385 244/375/386 246/377/304
f 223/340/304 247/378/304 246/377/304 225/343/304
f 203/379/301 247/378/304 206/380/302
f 221/342/387 206/380/388 247/378/304 223/340/304
f 229/350/343 243/370/343 239/366/343 232/353/343
f 237/368/315 241/302/301 201/305/364 209/316/389
f 217/330/324 219/332/324 226/339/324 231/349/324
f 214/324/302 208/310/302 205/313/302 220/333/302
f 250/381/304 251/382/304 248/383/304 249/384/304
f 252/385/324 253/386/343 256/387/343 254/388/351
f 258/389/315 255/390/324 254/391/343
f 257/392/325 254/388/324 256/387/353
f 257/393/355 258/389/356 254/391/390
f 259/394/315 258/395/324 257/396/353
f 261/397/301 262/398/365 263/399/343
